17:31:20,802 root INFO Projection matrix for cow_CAM1: 
[[ 1.80208859e+03  8.64516459e+01  1.83415884e+03  2.56000000e+03]
 [-9.60701342e+01  2.57095833e+03  8.94104385e+00  2.56000000e+03]
 [-6.39976382e-01  7.29993209e-02  7.64919162e-01  1.00000000e+01]]

17:31:20,803 root INFO Camera matrices for cow_CAM1: 
(array([[ 2.55999997e+03, -9.90393512e-06,  2.56000020e+02],
       [ 0.00000000e+00,  2.56000003e+03,  2.56000006e+02],
       [ 0.00000000e+00,  0.00000000e+00,  9.99999997e-01]]), array([[ 0.76793851,  0.02647025,  0.63997638],
       [ 0.02647024,  0.99698065, -0.07299932],
       [-0.63997638,  0.07299932,  0.76491916]]), array([[-6.39976392],
       [ 0.72999319],
       [ 7.64919161]]))

17:31:20,803 root INFO Projection matrix for cow_CAM2: 
[[ 2.19292905e+03  1.61683817e+01  1.34533899e+03  2.56000000e+03]
 [-1.00237245e+02  2.56441509e+03  1.81282726e+02  2.56000000e+03]
 [-4.35525864e-01  1.91836134e-02  8.99971783e-01  1.00000000e+01]]

17:31:20,803 root INFO Camera matrices for cow_CAM2: 
(array([[2.56000005e+03, 9.64139719e-07, 2.55999975e+02],
       [0.00000000e+00, 2.55999994e+03, 2.55999999e+02],
       [0.00000000e+00, 0.00000000e+00, 1.00000000e+00]]), array([[ 0.90016548,  0.00439741,  0.43552586],
       [ 0.00439741,  0.99980631, -0.01918361],
       [-0.43552586,  0.01918361,  0.89997178]]), array([[-4.35525856],
       [ 0.19183614],
       [ 8.99971787]]))

17:31:21,179 root INFO Projection matrix for cow_CAM1: 
[[ 1.80208859e+03  8.64516459e+01  1.83415884e+03  2.56000000e+03]
 [-9.60701342e+01  2.57095833e+03  8.94104385e+00  2.56000000e+03]
 [-6.39976382e-01  7.29993209e-02  7.64919162e-01  1.00000000e+01]]

17:31:21,179 root INFO Camera matrices for cow_CAM1: 
(array([[ 2.55999997e+03, -9.90393512e-06,  2.56000020e+02],
       [ 0.00000000e+00,  2.56000003e+03,  2.56000006e+02],
       [ 0.00000000e+00,  0.00000000e+00,  9.99999997e-01]]), array([[ 0.76793851,  0.02647025,  0.63997638],
       [ 0.02647024,  0.99698065, -0.07299932],
       [-0.63997638,  0.07299932,  0.76491916]]), array([[-6.39976392],
       [ 0.72999319],
       [ 7.64919161]]))

17:31:21,180 root INFO Projection matrix for cow_CAM3: 
[[ 2.31569909e+02  1.44731129e+00  7.18045791e+01  2.53120567e+02]
 [-1.84593388e+01  2.53149207e+02  2.48152618e+01  2.54660567e+02]
 [-6.75168865e-02 -1.26328269e-02  8.47806400e-02  1.00000000e+00]]

17:31:21,180 root INFO Camera matrices for cow_CAM3: 
(array([[ 2.25910691e+02, -7.85846394e+00, -8.76653834e+01],
       [ 0.00000000e+00,  2.55027685e+02,  1.39469438e+00],
       [ 0.00000000e+00,  0.00000000e+00,  1.09114047e-01]]), array([[ 0.78253345, -0.00396932,  0.62259589],
       [-0.06899776,  0.99326738,  0.09305498],
       [-0.61877355, -0.11577636,  0.77699107]]), array([[-2.0507225 ],
       [-0.1376981 ],
       [10.14149086]]))

17:31:21,189 root INFO Projection matrix for cow_CAM2: 
[[ 2.19292905e+03  1.61683817e+01  1.34533899e+03  2.56000000e+03]
 [-1.00237245e+02  2.56441509e+03  1.81282726e+02  2.56000000e+03]
 [-4.35525864e-01  1.91836134e-02  8.99971783e-01  1.00000000e+01]]

17:31:21,190 root INFO Camera matrices for cow_CAM2: 
(array([[2.56000005e+03, 9.64139719e-07, 2.55999975e+02],
       [0.00000000e+00, 2.55999994e+03, 2.55999999e+02],
       [0.00000000e+00, 0.00000000e+00, 1.00000000e+00]]), array([[ 0.90016548,  0.00439741,  0.43552586],
       [ 0.00439741,  0.99980631, -0.01918361],
       [-0.43552586,  0.01918361,  0.89997178]]), array([[-4.35525856],
       [ 0.19183614],
       [ 8.99971787]]))

17:31:21,190 root INFO Projection matrix for cow_CAM3: 
[[ 2.31569909e+02  1.44731129e+00  7.18045791e+01  2.53120567e+02]
 [-1.84593388e+01  2.53149207e+02  2.48152618e+01  2.54660567e+02]
 [-6.75168865e-02 -1.26328269e-02  8.47806400e-02  1.00000000e+00]]

17:31:21,191 root INFO Camera matrices for cow_CAM3: 
(array([[ 2.25910691e+02, -7.85846394e+00, -8.76653834e+01],
       [ 0.00000000e+00,  2.55027685e+02,  1.39469438e+00],
       [ 0.00000000e+00,  0.00000000e+00,  1.09114047e-01]]), array([[ 0.78253345, -0.00396932,  0.62259589],
       [-0.06899776,  0.99326738,  0.09305498],
       [-0.61877355, -0.11577636,  0.77699107]]), array([[-2.0507225 ],
       [-0.1376981 ],
       [10.14149086]]))

17:31:21,954 root INFO Projection matrix for cow_CAM1: 
[[ 1.80208859e+03  8.64516459e+01  1.83415884e+03  2.56000000e+03]
 [-9.60701342e+01  2.57095833e+03  8.94104385e+00  2.56000000e+03]
 [-6.39976382e-01  7.29993209e-02  7.64919162e-01  1.00000000e+01]]

17:31:21,954 root INFO Camera matrices for cow_CAM1: 
(array([[ 2.55999997e+03, -9.90393512e-06,  2.56000020e+02],
       [ 0.00000000e+00,  2.56000003e+03,  2.56000006e+02],
       [ 0.00000000e+00,  0.00000000e+00,  9.99999997e-01]]), array([[ 0.76793851,  0.02647025,  0.63997638],
       [ 0.02647024,  0.99698065, -0.07299932],
       [-0.63997638,  0.07299932,  0.76491916]]), array([[-6.39976392],
       [ 0.72999319],
       [ 7.64919161]]))

17:31:21,955 root INFO Projection matrix for cow_CAM4: 
[[ 2.21831117e+02  6.01819328e+00 -1.81896052e-01  2.50632576e+02]
 [-2.81080436e+01  2.52328695e+02  2.68950443e+01  2.54433170e+02]
 [-1.06675644e-01 -1.57330345e-02  8.18385665e-02  1.00000000e+00]]

17:31:21,955 root INFO Camera matrices for cow_CAM4: 
(array([[ 1.35102443e+02, -1.22530825e+01, -1.75620296e+02],
       [ 0.00000000e+00,  2.55148328e+02,  9.08331497e+00],
       [ 0.00000000e+00,  0.00000000e+00,  1.35369023e-01]]), array([[ 0.61012912, -0.01646606,  0.79213088],
       [-0.08210936,  0.99308661,  0.08388706],
       [-0.78803586, -0.1162233 ,  0.60455904]]), array([[ 1.14969257],
       [-0.31919241],
       [13.65642603]]))

17:31:21,963 root INFO Projection matrix for cow_CAM2: 
[[ 2.19292905e+03  1.61683817e+01  1.34533899e+03  2.56000000e+03]
 [-1.00237245e+02  2.56441509e+03  1.81282726e+02  2.56000000e+03]
 [-4.35525864e-01  1.91836134e-02  8.99971783e-01  1.00000000e+01]]

17:31:21,963 root INFO Camera matrices for cow_CAM2: 
(array([[2.56000005e+03, 9.64139719e-07, 2.55999975e+02],
       [0.00000000e+00, 2.55999994e+03, 2.55999999e+02],
       [0.00000000e+00, 0.00000000e+00, 1.00000000e+00]]), array([[ 0.90016548,  0.00439741,  0.43552586],
       [ 0.00439741,  0.99980631, -0.01918361],
       [-0.43552586,  0.01918361,  0.89997178]]), array([[-4.35525856],
       [ 0.19183614],
       [ 8.99971787]]))

17:31:21,964 root INFO Projection matrix for cow_CAM4: 
[[ 2.21831117e+02  6.01819328e+00 -1.81896052e-01  2.50632576e+02]
 [-2.81080436e+01  2.52328695e+02  2.68950443e+01  2.54433170e+02]
 [-1.06675644e-01 -1.57330345e-02  8.18385665e-02  1.00000000e+00]]

17:31:21,965 root INFO Camera matrices for cow_CAM4: 
(array([[ 1.35102443e+02, -1.22530825e+01, -1.75620296e+02],
       [ 0.00000000e+00,  2.55148328e+02,  9.08331497e+00],
       [ 0.00000000e+00,  0.00000000e+00,  1.35369023e-01]]), array([[ 0.61012912, -0.01646606,  0.79213088],
       [-0.08210936,  0.99308661,  0.08388706],
       [-0.78803586, -0.1162233 ,  0.60455904]]), array([[ 1.14969257],
       [-0.31919241],
       [13.65642603]]))

17:31:21,974 root INFO Projection matrix for cow_CAM3: 
[[ 2.31569909e+02  1.44731129e+00  7.18045791e+01  2.53120567e+02]
 [-1.84593388e+01  2.53149207e+02  2.48152618e+01  2.54660567e+02]
 [-6.75168865e-02 -1.26328269e-02  8.47806400e-02  1.00000000e+00]]

17:31:21,974 root INFO Camera matrices for cow_CAM3: 
(array([[ 2.25910691e+02, -7.85846394e+00, -8.76653834e+01],
       [ 0.00000000e+00,  2.55027685e+02,  1.39469438e+00],
       [ 0.00000000e+00,  0.00000000e+00,  1.09114047e-01]]), array([[ 0.78253345, -0.00396932,  0.62259589],
       [-0.06899776,  0.99326738,  0.09305498],
       [-0.61877355, -0.11577636,  0.77699107]]), array([[-2.0507225 ],
       [-0.1376981 ],
       [10.14149086]]))

17:31:21,975 root INFO Projection matrix for cow_CAM4: 
[[ 2.21831117e+02  6.01819328e+00 -1.81896052e-01  2.50632576e+02]
 [-2.81080436e+01  2.52328695e+02  2.68950443e+01  2.54433170e+02]
 [-1.06675644e-01 -1.57330345e-02  8.18385665e-02  1.00000000e+00]]

17:31:21,975 root INFO Camera matrices for cow_CAM4: 
(array([[ 1.35102443e+02, -1.22530825e+01, -1.75620296e+02],
       [ 0.00000000e+00,  2.55148328e+02,  9.08331497e+00],
       [ 0.00000000e+00,  0.00000000e+00,  1.35369023e-01]]), array([[ 0.61012912, -0.01646606,  0.79213088],
       [-0.08210936,  0.99308661,  0.08388706],
       [-0.78803586, -0.1162233 ,  0.60455904]]), array([[ 1.14969257],
       [-0.31919241],
       [13.65642603]]))

